4 6
4 5
4 4
3 5
6 4
7 5
8 4
4 7
2 5
4 3
3 6
8 5
9 5
1 4
4 2
10 5
2 6
4 1
11 5
12 5
3 3
5 3
13 5
3 7
1 5
2 4
3 1
1 6
2 3
2 2
1 3
2 1
1 7
8 6
3 8
7 7
5 1
8 3
1 1
5 8
9 7
6 3
7 3
6 2
6 9
2 8
1 9
10 8
7 1
2 9
6 7
3 4
3 9
1 10
8 7
3 2
4 8
8 8
5 4
6 1
10 7
3 10
3 11
3 12
3 13
2 7
8 2
8 1
9 1
3 14
3 15
5 7
6 8
3 16
3 17
7 8
8 9
3 18
3 19
11 7
12 7
13 7
14 7
7 4
1 8
15 7
16 7
1 2
1 11
2 10
2 11
17 7
18 7
9 8
11 8
8 10
8 11
5 2
7 6
9 3
10 2
8 12
8 13
6 10
6 11
9 4
10 4
7 9
4 15
19 7
9 6
10 6
12 8
10 3
7 2
4 9
4 10
8 14
8 15
8 16
8 17
13 8
14 8
1 12
5 9
5 10
4 11
15 8
16 8
12 9
13 10
11 3
12 2
5 11
5 12
13 1
12 3
8 18
8 19
13 3
14 3
15 9
2 12
1 13
17 8
12 4
12 6
18 8
19 8
12 10
14 4
10 1
12 11
2 13
7 10
12 12
1 14
4 12
11 6
4 13
13 4
18 9
12 13
2 15
1 16
12 14
12 15
12 16
19 10
14 2
14 1
15 3
16 3
17 3
18 3
14 9
12 17
12 18
14 10
14 11
14 12
19 3
11 1
14 13
12 19
11 2
14 16
15 1
12 1
14 17
15 10
4 14
14 18
14 19
5 13
2 14
7 14
5 16
5 17
5 18
5 19
9 14
10 14
7 15
18 6
2 16
1 15
19 5
17 9
11 14
16 6
15 4
15 2
15 11
16 5
17 5
18 5
13 6
17 6
11 4
16 4
13 9
16 12
9 2
16 9
19 6
16 1
17 4
18 4
18 10
19 4
17 13
18 14
13 2
19 11
13 11
13 12
13 13
13 14
15 12
16 13
7 16
17 2
17 1
16 10
11 12
10 13
16 11
17 10
19 9
19 2
11 16
10 17
13 15
13 16
16 14
16 15
16 16
16 17
11 15
10 16
15 13
15 16
15 17
15 18
15 19
11 13
10 12
9 12
17 11
17 12
18 11
18 12
16 2
18 2
10 15
9 15
7 17
6 18
9 16
6 16
9 18
6 13
17 16
18 16
19 16
7 18
7 12
6 12
19 12
18 17
18 1
17 17
6 19
10 18
19 1
7 13
6 17
4 16
11 18
10 19
4 17
4 18
2 17
1 17
7 19
7 11
13 18
16 18
16 19
17 14
2 18
2 19
17 15
17 18
9 13
18 15
19 15
18 13
1 18
13 17
19 14
19 13
9 17
9 19
11 17
11 19
13 19
17 19
18 18
19 18
18 19
19 17
4 19
19 19
